{
  "frames": [
    {
      "file_path": "images/00112.png",
      "sharpness": 312.43880138916273,
      "transform_matrix": [
        [
          0.9863570250984035,
          -0.010209446376445656,
          0.16430333623201854,
          1.3578695285992015
        ],
        [
          0.1273589087722758,
          0.6797159609540595,
          -0.7223336630548451,
          -3.706698318541223
        ],
        [
          -0.10430497327604449,
          0.7334043766293642,
          0.6717428771082222,
          3.346457054438267
        ],
        [
          0.0,
          0.0,
          0.0,
          1.0
        ]
      ],
      "w": 1542.0,
      "h": 727.0,
      "fl_x": 2078.680095203086,
      "fl_y": 2078.680095203086,
      "k1": 0.4761739386651984,
      "k2": 0,
      "k3": 0,
      "k4": 0,
      "p1": 0,
      "p2": 0,
      "cx": 771.0,
      "cy": 363.5,
      "is_fisheye": false,
      "camera_angle_x": 0.7103574729660088,
      "camera_angle_y": 0.3462401845231051,
      "fovx": 40.70048514653078,
      "fovy": 19.838101271004767
    },
    {
      "file_path": "images/00109.png",
      "sharpness": 363.93019720659663,
      "transform_matrix": [
        [
          0.9175503594006548,
          -0.1388963169642502,
          0.37257100148931854,
          2.467098601406451
        ],
        [
          0.3685150426783847,
          0.6489469913282637,
          -0.6656308780152393,
          -3.478910018410208
        ],
        [
          -0.14932515305865446,
          0.7480478698656213,
          0.6466269272991734,
          3.3417462642900366
        ],
        [
          0.0,
          0.0,
          0.0,
          1.0
        ]
      ],
      "w": 1542.0,
      "h": 727.0,
      "fl_x": 2192.5769304001087,
      "fl_y": 2192.5769304001087,
      "k1": 0.5970577104874714,
      "k2": 0,
      "k3": 0,
      "k4": 0,
      "p1": 0,
      "p2": 0,
      "cx": 771.0,
      "cy": 363.5,
      "is_fisheye": false,
      "camera_angle_x": 0.6762720173056438,
      "camera_angle_y": 0.32858466003392667,
      "fovx": 38.747532394411564,
      "fovy": 18.82651423268498
    },
    {
      "file_path": "images/00115.png",
      "sharpness": 295.720902306266,
      "transform_matrix": [
        [
          0.9963184559668368,
          0.04211258824814945,
          0.0746730491151869,
          0.9029401887109352
        ],
        [
          0.025251464497088455,
          0.6882323932283456,
          -0.7250507130218774,
          -3.7085671521678
        ],
        [
          -0.08192617343872027,
          0.7242670107442319,
          0.6846352308405973,
          3.3745512961978608
        ],
        [
          0.0,
          0.0,
          0.0,
          1.0
        ]
      ],
      "w": 1542.0,
      "h": 727.0,
      "fl_x": 2042.0415948087766,
      "fl_y": 2042.0415948087766,
      "k1": 0.4401582205542898,
      "k2": 0,
      "k3": 0,
      "k4": 0,
      "p1": 0,
      "p2": 0,
      "cx": 771.0,
      "cy": 363.5,
      "is_fisheye": false,
      "camera_angle_x": 0.7220321334011804,
      "camera_angle_y": 0.35232581777869404,
      "fovx": 41.36939391671448,
      "fovy": 20.186782372214473
    },
    {
      "file_path": "images/00118.png",
      "sharpness": 299.47422905764535,
      "transform_matrix": [
        [
          0.9969494349907215,
          0.07605895427472836,
          0.01751740847198624,
          0.6164607587926607
        ],
        [
          -0.040059993751063325,
          0.6912599493595385,
          -0.7214948920912115,
          -3.6704685485216215
        ],
        [
          -0.06698522990027114,
          0.7185921777451024,
          0.692198137178665,
          3.3773823136091634
        ],
        [
          0.0,
          0.0,
          0.0,
          1.0
        ]
      ],
      "w": 1542.0,
      "h": 727.0,
      "fl_x": 2010.4218720327192,
      "fl_y": 2010.4218720327192,
      "k1": 0.4403965200761542,
      "k2": 0,
      "k3": 0,
      "k4": 0,
      "p1": 0,
      "p2": 0,
      "cx": 771.0,
      "cy": 363.5,
      "is_fisheye": false,
      "camera_angle_x": 0.7324064284956682,
      "camera_angle_y": 0.35775059572260365,
      "fovx": 41.9637972410519,
      "fovy": 20.497599253196153
    },
    {
      "file_path": "images/00121.png",
      "sharpness": 309.37093821197436,
      "transform_matrix": [
        [
          0.9945483541077859,
          0.10132919236450175,
          -0.024616380105740354,
          0.4081141352301944
        ],
        [
          -0.08823401738690066,
          0.6919475024452362,
          -0.7165357018580191,
          -3.632262060746488
        ],
        [
          -0.0555727412361947,
          0.7148014050526125,
          0.697115931406793,
          3.3767459675314364
        ],
        [
          0.0,
          0.0,
          0.0,
          1.0
        ]
      ],
      "w": 1542.0,
      "h": 727.0,
      "fl_x": 1987.837172882744,
      "fl_y": 1987.837172882744,
      "k1": 0.4434705705809699,
      "k2": 0,
      "k3": 0,
      "k4": 0,
      "p1": 0,
      "p2": 0,
      "cx": 771.0,
      "cy": 363.5,
      "is_fisheye": false,
      "camera_angle_x": 0.7399922945387646,
      "camera_angle_y": 0.3617275754640097,
      "fovx": 42.39843534927292,
      "fovy": 20.725463407587743
    },
    {
      "file_path": "images/00124.png",
      "sharpness": 326.6925853682271,
      "transform_matrix": [
        [
          0.9909418522691161,
          0.12128209740267548,
          -0.0576619313266529,
          0.24631459115973262
        ],
        [
          -0.12602704820147315,
          0.6915626528164868,
          -0.7112371477592008,
          -3.5979689487871696
        ],
        [
          -0.046383494836150244,
          0.7120616196017995,
          0.7005832008774558,
          3.3763865148960597
        ],
        [
          0.0,
          0.0,
          0.0,
          1.0
        ]
      ],
      "w": 1542.0,
      "h": 727.0,
      "fl_x": 1971.7840832587876,
      "fl_y": 1971.7840832587876,
      "k1": 0.44501856478944773,
      "k2": 0,
      "k3": 0,
      "k4": 0,
      "p1": 0,
      "p2": 0,
      "cx": 771.0,
      "cy": 363.5,
      "is_fisheye": false,
      "camera_angle_x": 0.7454760463697065,
      "camera_angle_y": 0.36460798032894925,
      "fovx": 42.71263118508304,
      "fovy": 20.890498449637732
    },
    {
      "file_path": "images/00127.png",
      "sharpness": 310.7784921223574,
      "transform_matrix": [
        [
          0.9864592735622926,
          0.13909960493569923,
          -0.08688729229838171,
          0.10431977748666915
        ],
        [
          -0.15950911427516942,
          0.6904952870967079,
          -0.7055303685611142,
          -3.565374196811259
        ],
        [
          -0.03814372969636253,
          0.7098362898832162,
          0.7033331340869249,
          3.376643907538386
        ],
        [
          0.0,
          0.0,
          0.0,
          1.0
        ]
      ],
      "w": 1542.0,
      "h": 727.0,
      "fl_x": 1958.9313395715778,
      "fl_y": 1958.9313395715778,
      "k1": 0.44529022490415837,
      "k2": 0,
      "k3": 0,
      "k4": 0,
      "p1": 0,
      "p2": 0,
      "cx": 771.0,
      "cy": 363.5,
      "is_fisheye": false,
      "camera_angle_x": 0.7499227059800855,
      "camera_angle_y": 0.36694705190089233,
      "fovx": 42.967406013689036,
      "fovy": 21.024517378689104
    },
    {
      "file_path": "images/00130.png",
      "sharpness": 314.3001574154751,
      "transform_matrix": [
        [
          0.9807212932030988,
          0.15709570589766508,
          -0.11621826147303438,
          -0.037749878885198776
        ],
        [
          -0.1931330810193325,
          0.68867017575755,
          -0.6988798194537037,
          -3.530542083434303
        ],
        [
          -0.02975496801984074,
          0.7078519112371816,
          0.7057338830542728,
          3.377177225362104
        ],
        [
          0.0,
          0.0,
          0.0,
          1.0
        ]
      ],
      "w": 1542.0,
      "h": 727.0,
      "fl_x": 1947.3619020695216,
      "fl_y": 1947.3619020695216,
      "k1": 0.4460300598268279,
      "k2": 0,
      "k3": 0,
      "k4": 0,
      "p1": 0,
      "p2": 0,
      "cx": 771.0,
      "cy": 363.5,
      "is_fisheye": false,
      "camera_angle_x": 0.7539688122459116,
      "camera_angle_y": 0.36907809637025274,
      "fovx": 43.199230826182315,
      "fovy": 21.146617232738148
    },
    {
      "file_path": "images/00133.png",
      "sharpness": 318.2075277500493,
      "transform_matrix": [
        [
          0.9735960846591939,
          0.1754497940267532,
          -0.14604120571097629,
          -0.18158026323849075
        ],
        [
          -0.227308161394704,
          0.6862123011085335,
          -0.6909729933740442,
          -3.4902536970351568
        ],
        [
          -0.021015797537931445,
          0.7059249589122403,
          0.7079747797015449,
          3.3770692923299013
        ],
        [
          0.0,
          0.0,
          0.0,
          1.0
        ]
      ],
      "w": 1542.0,
      "h": 727.0,
      "fl_x": 1935.8253179087533,
      "fl_y": 1935.8253179087533,
      "k1": 0.4466970607107714,
      "k2": 0,
      "k3": 0,
      "k4": 0,
      "p1": 0,
      "p2": 0,
      "cx": 771.0,
      "cy": 363.5,
      "is_fisheye": false,
      "camera_angle_x": 0.7580450266148699,
      "camera_angle_y": 0.37122759438228553,
      "fovx": 43.432780705914205,
      "fovy": 21.26977439689939
    },
    {
      "file_path": "images/00136.png",
      "sharpness": 319.0778955051804,
      "transform_matrix": [
        [
          0.9641126222074713,
          0.19588089507903017,
          -0.1792136342372708,
          -0.3415414717369478
        ],
        [
          -0.2652633535162998,
          0.6825978328003277,
          -0.6809519453964273,
          -3.443013552428293
        ],
        [
          -0.011054638231427168,
          0.70405317528705,
          0.710061209612699,
          3.3781181134995704
        ],
        [
          0.0,
          0.0,
          0.0,
          1.0
        ]
      ],
      "w": 1542.0,
      "h": 727.0,
      "fl_x": 1925.0629280958153,
      "fl_y": 1925.0629280958153,
      "k1": 0.4465761932244066,
      "k2": 0,
      "k3": 0,
      "k4": 0,
      "p1": 0,
      "p2": 0,
      "cx": 771.0,
      "cy": 363.5,
      "is_fisheye": false,
      "camera_angle_x": 0.7618856844959322,
      "camera_angle_y": 0.3732552769206507,
      "fovx": 43.65283419305273,
      "fovy": 21.385952048540084
    },
    {
      "file_path": "images/00139.png",
      "sharpness": 313.3598410401493,
      "transform_matrix": [
        [
          0.9516315719049929,
          0.2185123698588527,
          -0.21598540604762662,
          -0.5190725840196755
        ],
        [
          -0.30724140495969054,
          0.6774143491058231,
          -0.668365557689447,
          -3.3867636936293053
        ],
        [
          0.0002654713113549728,
          0.7023974258760282,
          0.7117849293870776,
          3.3791384436061973
        ],
        [
          0.0,
          0.0,
          0.0,
          1.0
        ]
      ],
      "w": 1542.0,
      "h": 727.0,
      "fl_x": 1915.1777513761049,
      "fl_y": 1915.1777513761049,
      "k1": 0.44459346422631724,
      "k2": 0,
      "k3": 0,
      "k4": 0,
      "p1": 0,
      "p2": 0,
      "cx": 771.0,
      "cy": 363.5,
      "is_fisheye": false,
      "camera_angle_x": 0.7654460522047402,
      "camera_angle_y": 0.37513707265814833,
      "fovx": 43.85682823628209,
      "fovy": 21.49377100220441
    },
    {
      "file_path": "images/00142.png",
      "sharpness": 311.10097821540836,
      "transform_matrix": [
        [
          0.9355342746687324,
          0.24327098634249716,
          -0.25611491205561376,
          -0.7129924748218899
        ],
        [
          -0.35299899025677145,
          0.6704153916638107,
          -0.6526368940686347,
          -3.3178876393351966
        ],
        [
          0.012935758133126092,
          0.7009724886598888,
          0.7130709897046282,
          3.3790204539813713
        ],
        [
          0.0,
          0.0,
          0.0,
          1.0
        ]
      ],
      "w": 1542.0,
      "h": 727.0,
      "fl_x": 1905.4956757174982,
      "fl_y": 1905.4956757174982,
      "k1": 0.44236156985082,
      "k2": 0,
      "k3": 0,
      "k4": 0,
      "p1": 0,
      "p2": 0,
      "cx": 771.0,
      "cy": 363.5,
      "is_fisheye": false,
      "camera_angle_x": 0.7689640623524102,
      "camera_angle_y": 0.37699847050438084,
      "fovx": 44.05839537002778,
      "fovy": 21.600421242788276
    },
    {
      "file_path": "images/00148.png",
      "sharpness": 310.0083608152465,
      "transform_matrix": [
        [
          0.8889869033162493,
          0.2994946602857744,
          -0.3464177164143778,
          -1.1503544587359609
        ],
        [
          -0.4559448638811552,
          0.649294851182687,
          -0.6087121465271111,
          -3.1276431356311947
        ],
        [
          0.04262120209035799,
          0.6990845047086978,
          0.7137676712092123,
          3.3720556318136023
        ],
        [
          0.0,
          0.0,
          0.0,
          1.0
        ]
      ],
      "w": 1542.0,
      "h": 727.0,
      "fl_x": 1885.645493350773,
      "fl_y": 1885.645493350773,
      "k1": 0.4388090783033276,
      "k2": 0,
      "k3": 0,
      "k4": 0,
      "p1": 0,
      "p2": 0,
      "cx": 771.0,
      "cy": 363.5,
      "is_fisheye": false,
      "camera_angle_x": 0.7762735843110121,
      "camera_angle_y": 0.38087235134874375,
      "fovx": 44.47720012851387,
      "fovy": 21.822378265506845
    },
    {
      "file_path": "images/00145.png",
      "sharpness": 312.157633900163,
      "transform_matrix": [
        [
          0.9148198279456323,
          0.27048659729657504,
          -0.29990278947302607,
          -0.9250000717247403
        ],
        [
          -0.4029515515403376,
          0.6611587355208568,
          -0.6328500403391727,
          -3.2323143631134603
        ],
        [
          0.02710589505682072,
          0.6997900593478996,
          0.7138341147254637,
          3.377570762010647
        ],
        [
          0.0,
          0.0,
          0.0,
          1.0
        ]
      ],
      "w": 1542.0,
      "h": 727.0,
      "fl_x": 1895.6885544822135,
      "fl_y": 1895.6885544822135,
      "k1": 0.44121414482805554,
      "k2": 0,
      "k3": 0,
      "k4": 0,
      "p1": 0,
      "p2": 0,
      "cx": 771.0,
      "cy": 363.5,
      "is_fisheye": false,
      "camera_angle_x": 0.7725589662098611,
      "camera_angle_y": 0.37890260837114786,
      "fovx": 44.26436818881501,
      "fovy": 21.70952030616507
    },
    {
      "file_path": "images/00151.png",
      "sharpness": 310.6028331932242,
      "transform_matrix": [
        [
          0.8572523857361667,
          0.33026297941327715,
          -0.3950249506448599,
          -1.3855440773309273
        ],
        [
          -0.5114852441166501,
          0.6343771535915657,
          -0.5796106210669282,
          -3.0001775638100807
        ],
        [
          0.05917087317459135,
          0.6989220210203992,
          0.7127459690207806,
          3.361050255902047
        ],
        [
          0.0,
          0.0,
          0.0,
          1.0
        ]
      ],
      "w": 1542.0,
      "h": 727.0,
      "fl_x": 1874.9472325620948,
      "fl_y": 1874.9472325620948,
      "k1": 0.43476463104219043,
      "k2": 0,
      "k3": 0,
      "k4": 0,
      "p1": 0,
      "p2": 0,
      "cx": 771.0,
      "cy": 363.5,
      "is_fisheye": false,
      "camera_angle_x": 0.7802680125426064,
      "camera_angle_y": 0.382992973663832,
      "fovx": 44.706064007752126,
      "fovy": 21.94388097410266
    },
    {
      "file_path": "images/00157.png",
      "sharpness": 294.77703950658764,
      "transform_matrix": [
        [
          0.7746130801844655,
          0.39414814786246805,
          -0.49459257333382795,
          -1.8658575791748568
        ],
        [
          -0.6252836946497621,
          0.5945743549516602,
          -0.5054716981598035,
          -2.6721620840968123
        ],
        [
          0.09484132662725936,
          0.700805660658148,
          0.7070194826226025,
          3.3185706758654105
        ],
        [
          0.0,
          0.0,
          0.0,
          1.0
        ]
      ],
      "w": 1542.0,
      "h": 727.0,
      "fl_x": 1852.622563713889,
      "fl_y": 1852.622563713889,
      "k1": 0.41711227709610904,
      "k2": 0,
      "k3": 0,
      "k4": 0,
      "p1": 0,
      "p2": 0,
      "cx": 771.0,
      "cy": 363.5,
      "is_fisheye": false,
      "camera_angle_x": 0.7887302408292676,
      "camera_angle_y": 0.3874941797411326,
      "fovx": 45.19091397385403,
      "fovy": 22.201781085050623
    },
    {
      "file_path": "images/00160.png",
      "sharpness": 294.07360328814815,
      "transform_matrix": [
        [
          0.7230603973124275,
          0.4261876563920527,
          -0.5436430294142489,
          -2.103129448118404
        ],
        [
          -0.6813642274468141,
          0.5695460166171968,
          -0.4597391918391184,
          -2.4695947874035453
        ],
        [
          0.11369455314310102,
          0.7028381154549729,
          0.7022051923078805,
          3.2886179261453083
        ],
        [
          0.0,
          0.0,
          0.0,
          1.0
        ]
      ],
      "w": 1542.0,
      "h": 727.0,
      "fl_x": 1841.3723534044118,
      "fl_y": 1841.3723534044118,
      "k1": 0.4054135013696031,
      "k2": 0,
      "k3": 0,
      "k4": 0,
      "p1": 0,
      "p2": 0,
      "cx": 771.0,
      "cy": 363.5,
      "is_fisheye": false,
      "camera_angle_x": 0.7930609009565909,
      "camera_angle_y": 0.38980232105786106,
      "fovx": 45.439042521655246,
      "fovy": 22.334027841018933
    },
    {
      "file_path": "images/00163.png",
      "sharpness": 281.76216905443084,
      "transform_matrix": [
        [
          0.6647117789548951,
          0.4573357206650137,
          -0.5907641573214212,
          -2.33459626869243
        ],
        [
          -0.7352183139227408,
          0.5408946528129093,
          -0.4085180601057921,
          -2.2448122733012568
        ],
        [
          0.13271127234552535,
          0.7058873941399687,
          0.6957806443424327,
          3.2544491355777714
        ],
        [
          0.0,
          0.0,
          0.0,
          1.0
        ]
      ],
      "w": 1542.0,
      "h": 727.0,
      "fl_x": 1830.9119163733205,
      "fl_y": 1830.9119163733205,
      "k1": 0.39756727153867266,
      "k2": 0,
      "k3": 0,
      "k4": 0,
      "p1": 0,
      "p2": 0,
      "cx": 771.0,
      "cy": 363.5,
      "is_fisheye": false,
      "camera_angle_x": 0.7971281366228592,
      "camera_angle_y": 0.39197291765317543,
      "fovx": 45.6720779596175,
      "fovy": 22.458393864955916
    },
    {
      "file_path": "images/00154.png",
      "sharpness": 300.33871426419483,
      "transform_matrix": [
        [
          0.8192961818689265,
          0.3619063746309928,
          -0.44472187086954607,
          -1.625280666418227
        ],
        [
          -0.5682228991080097,
          0.6161893589137831,
          -0.5453745601807127,
          -2.848921694463173
        ],
        [
          0.07665835461506984,
          0.6995244456067343,
          0.7104850784648163,
          3.3427440195820757
        ],
        [
          0.0,
          0.0,
          0.0,
          1.0
        ]
      ],
      "w": 1542.0,
      "h": 727.0,
      "fl_x": 1863.7820894527729,
      "fl_y": 1863.7820894527729,
      "k1": 0.427676695869695,
      "k2": 0,
      "k3": 0,
      "k4": 0,
      "p1": 0,
      "p2": 0,
      "cx": 771.0,
      "cy": 363.5,
      "is_fisheye": false,
      "camera_angle_x": 0.7844785537108254,
      "camera_angle_y": 0.3852311579078984,
      "fovx": 44.947310246157166,
      "fovy": 22.072119485060348
    },
    {
      "file_path": "images/00166.png",
      "sharpness": 278.4505831093846,
      "transform_matrix": [
        [
          0.6000614758922587,
          0.48688855817899584,
          -0.6347170685570385,
          -2.5526423176583646
        ],
        [
          -0.7854463633525244,
          0.5090251152302913,
          -0.35209010545977953,
          -1.9966084060992573
        ],
        [
          0.1516582851644766,
          0.7098119215851575,
          0.6878712092909621,
          3.214066670619293
        ],
        [
          0.0,
          0.0,
          0.0,
          1.0
        ]
      ],
      "w": 1542.0,
      "h": 727.0,
      "fl_x": 1820.8552855715755,
      "fl_y": 1820.8552855715755,
      "k1": 0.3873652713594019,
      "k2": 0,
      "k3": 0,
      "k4": 0,
      "p1": 0,
      "p2": 0,
      "cx": 771.0,
      "cy": 363.5,
      "is_fisheye": false,
      "camera_angle_x": 0.8010757567763787,
      "camera_angle_y": 0.3940823396695874,
      "fovx": 45.89825993353495,
      "fovy": 22.579254843708295
    },
    {
      "file_path": "images/00169.png",
      "sharpness": 280.11440406501157,
      "transform_matrix": [
        [
          0.5301863326293946,
          0.5139902092735726,
          -0.674326714224759,
          -2.754565625939993
        ],
        [
          -0.8306590361183466,
          0.47435479061865493,
          -0.29153575824187933,
          -1.7308436573193944
        ],
        [
          0.17002358194517797,
          0.714703852959382,
          0.6784470386127425,
          3.1700722447769243
        ],
        [
          0.0,
          0.0,
          0.0,
          1.0
        ]
      ],
      "w": 1542.0,
      "h": 727.0,
      "fl_x": 1812.3855074338492,
      "fl_y": 1812.3855074338492,
      "k1": 0.3758606097688379,
      "k2": 0,
      "k3": 0,
      "k4": 0,
      "p1": 0,
      "p2": 0,
      "cx": 771.0,
      "cy": 363.5,
      "is_fisheye": false,
      "camera_angle_x": 0.8044292747852387,
      "camera_angle_y": 0.3958763738262199,
      "fovx": 46.090402361963754,
      "fovy": 22.682045429185646
    },
    {
      "file_path": "images/00172.png",
      "sharpness": 277.1764802084064,
      "transform_matrix": [
        [
          0.4561413536861355,
          0.5385802388732706,
          -0.7084252902076894,
          -2.926763643428924
        ],
        [
          -0.8699768473424172,
          0.437413289197736,
          -0.22761788049923182,
          -1.447183924205417
        ],
        [
          0.18728414388950235,
          0.7201395286866112,
          0.6680746281108542,
          3.1173141617038653
        ],
        [
          0.0,
          0.0,
          0.0,
          1.0
        ]
      ],
      "w": 1542.0,
      "h": 727.0,
      "fl_x": 1801.458695360176,
      "fl_y": 1801.458695360176,
      "k1": 0.36039167808043415,
      "k2": 0,
      "k3": 0,
      "k4": 0,
      "p1": 0,
      "p2": 0,
      "cx": 771.0,
      "cy": 363.5,
      "is_fisheye": false,
      "camera_angle_x": 0.808795033904414,
      "camera_angle_y": 0.39821479753674044,
      "fovx": 46.34054193386324,
      "fovy": 22.816027238511797
    },
    {
      "file_path": "images/00175.png",
      "sharpness": 271.6098805013417,
      "transform_matrix": [
        [
          0.3791337008835155,
          0.5600498777260539,
          -0.7366150767983632,
          -3.070141651511158
        ],
        [
          -0.9027186673363912,
          0.398803059523845,
          -0.1614160071319628,
          -1.1524927474512237
        ],
        [
          0.20336333126129574,
          0.7261544286330937,
          0.656767159143717,
          3.0589679432337125
        ],
        [
          0.0,
          0.0,
          0.0,
          1.0
        ]
      ],
      "w": 1542.0,
      "h": 727.0,
      "fl_x": 1789.2494003781055,
      "fl_y": 1789.2494003781055,
      "k1": 0.3460526510504677,
      "k2": 0,
      "k3": 0,
      "k4": 0,
      "p1": 0,
      "p2": 0,
      "cx": 771.0,
      "cy": 363.5,
      "is_fisheye": false,
      "camera_angle_x": 0.8137264573396202,
      "camera_angle_y": 0.4008601380959177,
      "fovx": 46.62309168369247,
      "fovy": 22.96759408792743
    },
    {
      "file_path": "images/00178.png",
      "sharpness": 270.6646518105075,
      "transform_matrix": [
        [
          0.30099650552739626,
          0.5779190796756918,
          -0.7585582647762501,
          -3.1821443758817436
        ],
        [
          -0.928388092056752,
          0.35937138494693976,
          -0.09459259067251785,
          -0.8546749433668587
        ],
        [
          0.21793727122998752,
          0.7327084993907147,
          0.6447027227988792,
          2.995177796757794
        ],
        [
          0.0,
          0.0,
          0.0,
          1.0
        ]
      ],
      "w": 1542.0,
      "h": 727.0,
      "fl_x": 1776.2105439911822,
      "fl_y": 1776.2105439911822,
      "k1": 0.32793331075237825,
      "k2": 0,
      "k3": 0,
      "k4": 0,
      "p1": 0,
      "p2": 0,
      "cx": 771.0,
      "cy": 363.5,
      "is_fisheye": false,
      "camera_angle_x": 0.8190560100447358,
      "camera_angle_y": 0.4037237706805049,
      "fovx": 46.92845256038812,
      "fovy": 23.131668149100417
    },
    {
      "file_path": "images/00184.png",
      "sharpness": 263.60261877306476,
      "transform_matrix": [
        [
          0.1467938982468614,
          0.6022573787099118,
          -0.7846894935451951,
          -3.336761852856934
        ],
        [
          -0.9589987736138885,
          0.28107280979986143,
          0.03632392875041085,
          -0.2722472713785812
        ],
        [
          0.2424312348848462,
          0.7471841308766312,
          0.6188238610244409,
          2.870544067779407
        ],
        [
          0.0,
          0.0,
          0.0,
          1.0
        ]
      ],
      "w": 1542.0,
      "h": 727.0,
      "fl_x": 1758.6875713665463,
      "fl_y": 1758.6875713665463,
      "k1": 0.27959682985587775,
      "k2": 0,
      "k3": 0,
      "k4": 0,
      "p1": 0,
      "p2": 0,
      "cx": 771.0,
      "cy": 363.5,
      "is_fisheye": false,
      "camera_angle_x": 0.8263229701962579,
      "camera_angle_y": 0.4076363788631411,
      "fovx": 47.34481870696009,
      "fovy": 23.35584408485382
    },
    {
      "file_path": "images/00181.png",
      "sharpness": 268.12200612189304,
      "transform_matrix": [
        [
          0.22286514848672773,
          0.5919192835104967,
          -0.7745725837206391,
          -3.271474477840451
        ],
        [
          -0.9470726950464243,
          0.3197850216886515,
          -0.02812205900510944,
          -0.5592227900229292
        ],
        [
          0.2310507214673952,
          0.7398439712293048,
          0.6318595274267078,
          2.931787697075985
        ],
        [
          0.0,
          0.0,
          0.0,
          1.0
        ]
      ],
      "w": 1542.0,
      "h": 727.0,
      "fl_x": 1766.2492695790843,
      "fl_y": 1766.2492695790843,
      "k1": 0.30503690412764506,
      "k2": 0,
      "k3": 0,
      "k4": 0,
      "p1": 0,
      "p2": 0,
      "cx": 771.0,
      "cy": 363.5,
      "is_fisheye": false,
      "camera_angle_x": 0.8231721984989984,
      "camera_angle_y": 0.40593883334626896,
      "fovx": 47.164292786497846,
      "fovy": 23.258581891205694
    },
    {
      "file_path": "images/00190.png",
      "sharpness": 261.94479368433656,
      "transform_matrix": [
        [
          0.009341979242760617,
          0.6128387611985638,
          -0.7901527575410314,
          -3.4016760463263536
        ],
        [
          -0.9653607890637258,
          0.21157868823080747,
          0.15268597062725744,
          0.24882402921992886
        ],
        [
          0.2607513650340954,
          0.7613561003324284,
          0.5935870737931443,
          2.754463637124718
        ],
        [
          0.0,
          0.0,
          0.0,
          1.0
        ]
      ],
      "w": 1542.0,
      "h": 727.0,
      "fl_x": 1746.1792499575097,
      "fl_y": 1746.1792499575097,
      "k1": 0.23472047041274424,
      "k2": 0,
      "k3": 0,
      "k4": 0,
      "p1": 0,
      "p2": 0,
      "cx": 771.0,
      "cy": 363.5,
      "is_fisheye": false,
      "camera_angle_x": 0.8315850580721155,
      "camera_angle_y": 0.4104753467846824,
      "fovx": 47.64631413367369,
      "fovy": 23.518504964931164
    },
    {
      "file_path": "images/00187.png",
      "sharpness": 264.0160994454996,
      "transform_matrix": [
        [
          0.07506761332576983,
          0.609097649240341,
          -0.7895346142967522,
          -3.378615570293254
        ],
        [
          -0.9647705434077223,
          0.24457681465193543,
          0.0969534956000917,
          -0.0014287720174978858
        ],
        [
          0.2521560072777937,
          0.754441671355995,
          0.6059992677967101,
          2.811297775022694
        ],
        [
          0.0,
          0.0,
          0.0,
          1.0
        ]
      ],
      "w": 1542.0,
      "h": 727.0,
      "fl_x": 1751.738093263242,
      "fl_y": 1751.738093263242,
      "k1": 0.25751191886290253,
      "k2": 0,
      "k3": 0,
      "k4": 0,
      "p1": 0,
      "p2": 0,
      "cx": 771.0,
      "cy": 363.5,
      "is_fisheye": false,
      "camera_angle_x": 0.8292387529263677,
      "camera_angle_y": 0.4092088777602685,
      "fovx": 47.511880751372516,
      "fovy": 23.4459416349482
    },
    {
      "file_path": "images/00193.png",
      "sharpness": 253.34733581020822,
      "transform_matrix": [
        [
          -0.04976646365589946,
          0.614593893495782,
          -0.7872722815050327,
          -3.401600871339111
        ],
        [
          -0.9623476324019635,
          0.18139524282874966,
          0.20244209120395412,
          0.4714869039159424
        ],
        [
          0.26722711971641555,
          0.7677044431363866,
          0.5824255785347806,
          2.699861494818211
        ],
        [
          0.0,
          0.0,
          0.0,
          1.0
        ]
      ],
      "w": 1542.0,
      "h": 727.0,
      "fl_x": 1738.1612266862244,
      "fl_y": 1738.1612266862244,
      "k1": 0.2198052672061785,
      "k2": 0,
      "k3": 0,
      "k4": 0,
      "p1": 0,
      "p2": 0,
      "cx": 771.0,
      "cy": 363.5,
      "is_fisheye": false,
      "camera_angle_x": 0.8349914502408011,
      "camera_angle_y": 0.4123157630321176,
      "fovx": 47.84148602830579,
      "fovy": 23.62395304845651
    },
    {
      "file_path": "images/00196.png",
      "sharpness": 247.2300782331665,
      "transform_matrix": [
        [
          -0.0980541645030636,
          0.6147896110150478,
          -0.7825721149292445,
          -3.3883465697847988
        ],
        [
          -0.9573438201430027,
          0.15650079165884123,
          0.24289979877668583,
          0.6517302716332385
        ],
        [
          0.2718054283221126,
          0.7730079148707621,
          0.5732194804232008,
          2.6530501333824152
        ],
        [
          0.0,
          0.0,
          0.0,
          1.0
        ]
      ],
      "w": 1542.0,
      "h": 727.0,
      "fl_x": 1730.1842105820187,
      "fl_y": 1730.1842105820187,
      "k1": 0.20946016316273508,
      "k2": 0,
      "k3": 0,
      "k4": 0,
      "p1": 0,
      "p2": 0,
      "cx": 771.0,
      "cy": 363.5,
      "is_fisheye": false,
      "camera_angle_x": 0.838406580121657,
      "camera_angle_y": 0.41416298136730356,
      "fovx": 48.03715855696785,
      "fovy": 23.729790862901847
    },
    {
      "file_path": "images/00199.png",
      "sharpness": 240.19765071698671,
      "transform_matrix": [
        [
          -0.14015240490822622,
          0.613974283690869,
          -0.7767836780069358,
          -3.3695079131034857
        ],
        [
          -0.9510702599892586,
          0.1347008144066008,
          0.27806663079873184,
          0.808269823914146
        ],
        [
          0.2753591545082738,
          0.7777475616286392,
          0.5650540385344122,
          2.61184373516388
        ],
        [
          0.0,
          0.0,
          0.0,
          1.0
        ]
      ],
      "w": 1542.0,
      "h": 727.0,
      "fl_x": 1723.1960263039523,
      "fl_y": 1723.1960263039523,
      "k1": 0.20140290586506115,
      "k2": 0,
      "k3": 0,
      "k4": 0,
      "p1": 0,
      "p2": 0,
      "cx": 771.0,
      "cy": 363.5,
      "is_fisheye": false,
      "camera_angle_x": 0.8414200339375799,
      "camera_angle_y": 0.41579467568396805,
      "fovx": 48.209816742377825,
      "fovy": 23.823280060702203
    },
    {
      "file_path": "images/00202.png",
      "sharpness": 241.32214400015428,
      "transform_matrix": [
        [
          -0.18172101511161604,
          0.6122506616701533,
          -0.7694976283293673,
          -3.34402834801348
        ],
        [
          -0.943064136383281,
          0.11318092866712372,
          0.31276206939988677,
          0.9627172315158431
        ],
        [
          0.2785812401168742,
          0.7825210570491753,
          0.5568242882493906,
          2.570431196037743
        ],
        [
          0.0,
          0.0,
          0.0,
          1.0
        ]
      ],
      "w": 1542.0,
      "h": 727.0,
      "fl_x": 1716.4659275574481,
      "fl_y": 1716.4659275574481,
      "k1": 0.19326324039804155,
      "k2": 0,
      "k3": 0,
      "k4": 0,
      "p1": 0,
      "p2": 0,
      "cx": 771.0,
      "cy": 363.5,
      "is_fisheye": false,
      "camera_angle_x": 0.8443415090456736,
      "camera_angle_y": 0.4173781308751147,
      "fovx": 48.377204936024114,
      "fovy": 23.91400536020299
    },
    {
      "file_path": "images/00205.png",
      "sharpness": 237.41135661441206,
      "transform_matrix": [
        [
          -0.22236052202798526,
          0.6096185724787259,
          -0.7608685789186592,
          -3.3114670846308845
        ],
        [
          -0.9334656388091083,
          0.09214425585632449,
          0.3466285292311981,
          1.112785585296118
        ],
        [
          0.2814208581792423,
          0.7873211747797269,
          0.5485687453546583,
          2.5280619090645473
        ],
        [
          0.0,
          0.0,
          0.0,
          1.0
        ]
      ],
      "w": 1542.0,
      "h": 727.0,
      "fl_x": 1709.5959346687252,
      "fl_y": 1709.5959346687252,
      "k1": 0.18317221639803513,
      "k2": 0,
      "k3": 0,
      "k4": 0,
      "p1": 0,
      "p2": 0,
      "cx": 771.0,
      "cy": 363.5,
      "is_fisheye": false,
      "camera_angle_x": 0.8473434384162261,
      "camera_angle_y": 0.41900680471016205,
      "fovx": 48.549202819353134,
      "fovy": 24.00732149715459
    },
    {
      "file_path": "images/00208.png",
      "sharpness": 245.56306129680684,
      "transform_matrix": [
        [
          -0.26216338770067216,
          0.6061384135275044,
          -0.7509105018901552,
          -3.2723862683242504
        ],
        [
          -0.9223051337434218,
          0.07157397791310319,
          0.3797767843850106,
          1.2591836297641628
        ],
        [
          0.2839429492587108,
          0.7921321792395825,
          0.5402804940345988,
          2.485103419948154
        ],
        [
          0.0,
          0.0,
          0.0,
          1.0
        ]
      ],
      "w": 1542.0,
      "h": 727.0,
      "fl_x": 1702.6775288095673,
      "fl_y": 1702.6775288095673,
      "k1": 0.17261166114328977,
      "k2": 0,
      "k3": 0,
      "k4": 0,
      "p1": 0,
      "p2": 0,
      "cx": 771.0,
      "cy": 363.5,
      "is_fisheye": false,
      "camera_angle_x": 0.8503868519572828,
      "camera_angle_y": 0.420659661160269,
      "fovx": 48.72357757056866,
      "fovy": 24.10202319588669
    },
    {
      "file_path": "images/00211.png",
      "sharpness": 253.28349716698352,
      "transform_matrix": [
        [
          -0.3010262382918512,
          0.6017220660320151,
          -0.7398065687483992,
          -3.2290936150919687
        ],
        [
          -0.9096424219156464,
          0.051678576089456585,
          0.4121650021852904,
          1.402438062887965
        ],
        [
          0.28624092671556695,
          0.797031919108788,
          0.5317953101049601,
          2.4417275106180822
        ],
        [
          0.0,
          0.0,
          0.0,
          1.0
        ]
      ],
      "w": 1542.0,
      "h": 727.0,
      "fl_x": 1696.7031045789279,
      "fl_y": 1696.7031045789279,
      "k1": 0.15995693300510727,
      "k2": 0,
      "k3": 0,
      "k4": 0,
      "p1": 0,
      "p2": 0,
      "cx": 771.0,
      "cy": 363.5,
      "is_fisheye": false,
      "camera_angle_x": 0.8530315702422323,
      "camera_angle_y": 0.4220973653345461,
      "fovx": 48.87510876629734,
      "fovy": 24.184397577261112
    },
    {
      "file_path": "images/00214.png",
      "sharpness": 237.6547994872378,
      "transform_matrix": [
        [
          -0.33899990579625794,
          0.5966995499845114,
          -0.7273435989762115,
          -3.179325815047399
        ],
        [
          -0.8956128821342253,
          0.0320031887602783,
          0.443681598971601,
          1.5412839154167264
        ],
        [
          0.2880219249343786,
          0.8018263172358708,
          0.5235627257549093,
          2.3995009470279376
        ],
        [
          0.0,
          0.0,
          0.0,
          1.0
        ]
      ],
      "w": 1542.0,
      "h": 727.0,
      "fl_x": 1690.0025102863087,
      "fl_y": 1690.0025102863087,
      "k1": 0.1521619624650657,
      "k2": 0,
      "k3": 0,
      "k4": 0,
      "p1": 0,
      "p2": 0,
      "cx": 771.0,
      "cy": 363.5,
      "is_fisheye": false,
      "camera_angle_x": 0.8560161705494296,
      "camera_angle_y": 0.4237213779418514,
      "fovx": 49.0461137674332,
      "fovy": 24.27744664553574
    },
    {
      "file_path": "images/00217.png",
      "sharpness": 237.62826488234788,
      "transform_matrix": [
        [
          -0.3759902821622628,
          0.590941006549468,
          -0.7137366703141304,
          -3.1243980339964965
        ],
        [
          -0.8802776160324038,
          0.01276007469991794,
          0.4742873593166442,
          1.6758384061780733
        ],
        [
          0.2893831827375458,
          0.8066138526744886,
          0.5153944763743216,
          2.3575418434007114
        ],
        [
          0.0,
          0.0,
          0.0,
          1.0
        ]
      ],
      "w": 1542.0,
      "h": 727.0,
      "fl_x": 1683.2355366395273,
      "fl_y": 1683.2355366395273,
      "k1": 0.14548284895233735,
      "k2": 0,
      "k3": 0,
      "k4": 0,
      "p1": 0,
      "p2": 0,
      "cx": 771.0,
      "cy": 363.5,
      "is_fisheye": false,
      "camera_angle_x": 0.8590502855964565,
      "camera_angle_y": 0.42537401877469166,
      "fovx": 49.21995575418497,
      "fovy": 24.372135990308475
    },
    {
      "file_path": "images/00220.png",
      "sharpness": 235.7691856290687,
      "transform_matrix": [
        [
          -0.4119478249602634,
          0.5844779568124233,
          -0.6990597310417337,
          -3.063805685965234
        ],
        [
          -0.8636844956949908,
          -0.00593404055387764,
          0.503997895888852,
          1.8055574953001137
        ],
        [
          0.29042741163329233,
          0.8113878882614178,
          0.5072490644737726,
          2.315063791107311
        ],
        [
          0.0,
          0.0,
          0.0,
          1.0
        ]
      ],
